<?xml version="1.0"?>
<opencv_storage>
<cameraMatrix_1 type_id="opencv-matrix">
  <rows>3</rows>
  <cols>3</cols>
  <dt>d</dt>
  <data>
    5.3176108326514009e+02 0. 3.3577772938551800e+02 0.
    5.3158558335194823e+02 2.4187652263555262e+02 0. 0. 1.</data></cameraMatrix_1>
<distCoeffs_1 type_id="opencv-matrix">
  <rows>1</rows>
  <cols>5</cols>
  <dt>d</dt>
  <data>
    -2.8329743539620722e-01 2.8641816595339549e-02
    1.7136195252117020e-03 -1.0370755773278450e-03
    1.5351610545556599e-01</data></distCoeffs_1>
<cameraMatrix_2 type_id="opencv-matrix">
  <rows>3</rows>
  <cols>3</cols>
  <dt>d</dt>
  <data>
    5.3176108326514009e+02 0. 3.3478652285121069e+02 0.
    5.3158558335194823e+02 2.4251889371623798e+02 0. 0. 1.</data></cameraMatrix_2>
<distCoeffs_2 type_id="opencv-matrix">
  <rows>1</rows>
  <cols>5</cols>
  <dt>d</dt>
  <data>
    -3.0417599370148057e-01 1.6789692750071125e-01
    -7.4478039153271685e-04 -1.0504651552418350e-03
    -9.0796955059388063e-02</data></distCoeffs_2>
<rotation type_id="opencv-matrix">
  <rows>3</rows>
  <cols>3</cols>
  <dt>d</dt>
  <data>
    9.9973348297470677e-01 4.8886510366619920e-03
    -2.2562449120239927e-02 -4.4349935690071451e-03
    9.9978787304249905e-01 2.0113173523804199e-02 2.2655989303151984e-02
    -2.0007748703878121e-02 9.9954309368856031e-01</data></rotation>
<translation type_id="opencv-matrix">
  <rows>3</rows>
  <cols>1</cols>
  <dt>d</dt>
  <data>
    -3.3266988107603548e+00 4.3815294016247300e-02
    -1.1301923110530805e-01</data></translation>
<essential type_id="opencv-matrix">
  <rows>3</rows>
  <cols>3</cols>
  <dt>d</dt>
  <data>
    4.9143926942038453e-04 1.1211861128761097e-01 4.6068449938621685e-02
    -3.7619456884637914e-02 -6.7112265400489077e-02
    3.3277288117288819e+00 -2.9049728662677850e-02
    -3.3262073259456204e+00 -6.5921890100326147e-02</data></essential>
<fundamental type_id="opencv-matrix">
  <rows>3</rows>
  <cols>3</cols>
  <dt>d</dt>
  <data>
     4.021368e-07  5.841629e-05 -1.727590e-02 
-6.705804e-05 -7.098293e-07  4.999593e-02 
 1.981079e-02 -5.404245e-02  9.969398e-01 </data></fundamental>
</opencv_storage>